function df = dfnct1d1(x)
    df = 11449/20000*x-2461/10000;